1 22
2 178
3 311
4 155
5 21
6 1675
7 2599
8 2412
9 166
10 177
11 2588
12 3315
13 322
15 299
16 2346
17 310
20 143
21 154
24 20
25 1674
26 2598
27 2411
28 165
29 1673
30 3545
31 6020
32 2467
34 2587
35 5800
36 3325
39 2345
40 2401
44 153
48 176
49 2577
50 3304
51 321
53 2576
54 5580
55 3314
58 3293
59 3303
63 309
72 287
73 2280
74 298
77 2279
78 2335
82 297
96 131
97 142
101 141
112 19
113 1672
114 2597
115 2410
116 164
117 1671
118 3544
119 6019
120 2466
122 2586
123 5799
124 3324
127 2344
128 2400
132 152
136 1670
137 3543
138 6018
139 2465
141 3542
142 1609
143 6185
146 5798
147 5965
151 2399
160 2575
161 5579
162 3313
165 5578
166 5745
170 3302
184 2278
185 2334
189 2333
208 140
224 175
225 2566
226 3282
227 320
229 2565
230 5360
231 3292
234 3271
235 3281
239 308
248 2564
249 5359
250 3291
253 5358
254 5525
258 3280
272 3260
273 3270
277 3269
296 296
336 275
337 2214
338 286
341 2213
342 2269
346 285
360 2212
361 2268
365 2267
384 284
448 119
449 130
453 129
472 128
521 18
522 1669
523 2596
524 2409
525 163
526 1668
527 3541
528 6017
529 2464
531 2585
532 5797
533 3323
536 2343
537 2398
541 151
545 1667
546 3540
547 6016
548 2463
550 3539
551 6678
552 6184
555 5796
556 5964
560 2397
569 2574
570 5577
571 3312
574 5576
575 5744
579 3301
593 2277
594 2332
598 2331
617 139
633 1666
634 3538
635 6015
636 2462
638 3537
639 6677
640 6183
643 5795
644 5963
648 2396
657 3536
658 6676
659 6182
662 6675
663 1608
667 5962
681 5575
682 5743
686 5742
705 2330
745 2563
746 5357
747 3290
750 5356
751 5524
755 3279
769 5355
770 5523
774 5522
793 3268
857 2211
858 2266
862 2265
881 2264
969 127
1042 174
1043 2555
1044 3249
1045 319
1047 2554
1048 5140
1049 3259
1052 3238
1053 3248
1057 307
1066 2553
1067 5139
1068 3258
1071 5138
1072 5305
1076 3247
1090 3227
1091 3237
1095 3236
1114 295
1154 2552
1155 5137
1156 3257
1159 5136
1160 5304
1164 3246
1178 5135
1179 5303
1183 5302
1202 3235
1266 3216
1267 3226
1271 3225
1290 3224
1378 283
1563 263
1564 2148
1565 274
1568 2147
1569 2203
1573 273
1587 2146
1588 2202
1592 2201
1611 272
1675 2145
1676 2200
1680 2199
1699 2198
1787 271
2084 107
2085 118
2089 117
2108 116
2196 115
2421 17
2422 1665
2423 2595
2424 2408
2425 162
2426 1664
2427 3535
2428 6014
2429 2461
2431 2584
2432 5794
2433 3322
2436 2342
2437 2395
2441 150
2445 1663
2446 3534
2447 6013
2448 2460
2450 3533
2451 6674
2452 6181
2455 5793
2456 5961
2460 2394
2469 2573
2470 5574
2471 3311
2474 5573
2475 5741
2479 3300
2493 2276
2494 2329
2498 2328
2517 138
2533 1662
2534 3532
2535 6012
2536 2459
2538 3531
2539 6673
2540 6180
2543 5792
2544 5960
2548 2393
2557 3530
2558 6672
2559 6179
2562 6671
2563 7462
2567 5959
2581 5572
2582 5740
2586 5739
2605 2327
2645 2562
2646 5354
2647 3289
2650 5353
2651 5521
2655 3278
2669 5352
2670 5520
2674 5519
2693 3267
2757 2210
2758 2263
2762 2262
2781 2261
2869 126
2942 1661
2943 3529
2944 6011
2945 2458
2947 3528
2948 6670
2949 6178
2952 5791
2953 5958
2957 2392
2966 3527
2967 6669
2968 6177
2971 6668
2972 7461
2976 5957
2990 5571
2991 5738
2995 5737
3014 2326
3054 3526
3055 6667
3056 6176
3059 6666
3060 7460
3064 5956
3078 6665
3079 7459
3083 1607
3102 5736
3166 5351
3167 5518
3171 5517
3190 5516
3278 2260
3463 2551
3464 5134
3465 3256
3468 5133
3469 5301
3473 3245
3487 5132
3488 5300
3492 5299
3511 3234
3575 5131
3576 5298
3580 5297
3599 5296
3687 3223
3984 2144
3985 2197
3989 2196
4008 2195
4096 2194
4505 114
4842 173
4843 2544
4844 3205
4845 318
4847 2543
4848 4920
4849 3215
4852 3194
4853 3204
4857 306
4866 2542
4867 4919
4868 3214
4871 4918
4872 5085
4876 3203
4890 3183
4891 3193
4895 3192
4914 294
4954 2541
4955 4917
4956 3213
4959 4916
4960 5084
4964 3202
4978 4915
4979 5083
4983 5082
5002 3191
5066 3172
5067 3182
5071 3181
5090 3180
5178 282
5363 2540
5364 4914
5365 3212
5368 4913
5369 5081
5373 3201
5387 4912
5388 5080
5392 5079
5411 3190
5475 4911
5476 5078
5480 5077
5499 5076
5587 3179
5884 3161
5885 3171
5889 3170
5908 3169
5996 3168
6405 270
7263 251
7264 2082
7265 262
7268 2081
7269 2137
7273 261
7287 2080
7288 2136
7292 2135
7311 260
7375 2079
7376 2134
7380 2133
7399 2132
7487 259
7784 2078
7785 2131
7789 2130
7808 2129
7896 2128
8305 258
9684 95
9685 106
9689 105
9708 104
9796 103
10205 102
11248 16
11249 1660
11250 2594
11251 2407
11252 161
11253 1659
11254 3525
11255 6010
11256 2457
11258 2583
11259 5790
11260 3321
11263 2341
11264 2391
11268 149
11272 1658
11273 3524
11274 6009
11275 2456
11277 3523
11278 6664
11279 6175
11282 5789
11283 5955
11287 2390
11296 2572
11297 5570
11298 3310
11301 5569
11302 5735
11306 3299
11320 2275
11321 2325
11325 2324
11344 137
11360 1657
11361 3522
11362 6008
11363 2455
11365 3521
11366 6663
11367 6174
11370 5788
11371 5954
11375 2389
11384 3520
11385 6662
11386 6173
11389 6661
11390 7458
11394 5953
11408 5568
11409 5734
11413 5733
11432 2323
11472 2561
11473 5350
11474 3288
11477 5349
11478 5515
11482 3277
11496 5348
11497 5514
11501 5513
11520 3266
11584 2209
11585 2259
11589 2258
11608 2257
11696 125
11769 1656
11770 3519
11771 6007
11772 2454
11774 3518
11775 6660
11776 6172
11779 5787
11780 5952
11784 2388
11793 3517
11794 6659
11795 6171
11798 6658
11799 7457
11803 5951
11817 5567
11818 5732
11822 5731
11841 2322
11881 3516
11882 6657
11883 6170
11886 6656
11887 7456
11891 5950
11905 6655
11906 7455
11910 7454
11929 5730
11993 5347
11994 5512
11998 5511
12017 5510
12105 2256
12290 2550
12291 5130
12292 3255
12295 5129
12296 5295
12300 3244
12314 5128
12315 5294
12319 5293
12338 3233
12402 5127
12403 5292
12407 5291
12426 5290
12514 3222
12811 2143
12812 2193
12816 2192
12835 2191
12923 2190
13332 113
13669 1655
13670 3515
13671 6006
13672 2453
13674 3514
13675 6654
13676 6169
13679 5786
13680 5949
13684 2387
13693 3513
13694 6653
13695 6168
13698 6652
13699 7453
13703 5948
13717 5566
13718 5729
13722 5728
13741 2321
13781 3512
13782 6651
13783 6167
13786 6650
13787 7452
13791 5947
13805 6649
13806 7451
13810 7450
13829 5727
13893 5346
13894 5509
13898 5508
13917 5507
14005 2255
14190 3511
14191 6648
14192 6166
14195 6647
14196 7449
14200 5946
14214 6646
14215 7448
14219 7447
14238 5726
14302 6645
14303 7446
14307 7445
14326 1606
14414 5506
14711 5126
14712 5289
14716 5288
14735 5287
14823 5286
15232 2189
16090 2539
16091 4910
16092 3211
16095 4909
16096 5075
16100 3200
16114 4908
16115 5074
16119 5073
16138 3189
16202 4907
16203 5072
16207 5071
16226 5070
16314 3178
16611 4906
16612 5069
16616 5068
16635 5067
16723 5066
17132 3167
18511 2077
18512 2127
18516 2126
18535 2125
18623 2124
19032 2123
20932 101
22496 172
22497 2533
22498 3150
22499 317
22501 2532
22502 4700
22503 3160
22506 3139
22507 3149
22511 305
22520 2531
22521 4699
22522 3159
22525 4698
22526 4865
22530 3148
22544 3128
22545 3138
22549 3137
22568 293
22608 2530
22609 4697
22610 3158
22613 4696
22614 4864
22618 3147
22632 4695
22633 4863
22637 4862
22656 3136
22720 3117
22721 3127
22725 3126
22744 3125
22832 281
23017 2529
23018 4694
23019 3157
23022 4693
23023 4861
23027 3146
23041 4692
23042 4860
23046 4859
23065 3135
23129 4691
23130 4858
23134 4857
23153 4856
23241 3124
23538 3106
23539 3116
23543 3115
23562 3114
23650 3113
24059 269
24917 2528
24918 4690
24919 3156
24922 4689
24923 4855
24927 3145
24941 4688
24942 4854
24946 4853
24965 3134
25029 4687
25030 4852
25034 4851
25053 4850
25141 3123
25438 4686
25439 4849
25443 4848
25462 4847
25550 4846
25959 3112
27338 3095
27339 3105
27343 3104
27362 3103
27450 3102
27859 3101
29759 257
33744 239
33745 2016
33746 250
33749 2015
33750 2071
33754 249
33768 2014
33769 2070
33773 2069
33792 248
33856 2013
33857 2068
33861 2067
33880 2066
33968 247
34265 2012
34266 2065
34270 2064
34289 2063
34377 2062
34786 246
36165 2011
36166 2061
36170 2060
36189 2059
36277 2058
36686 2057
38586 245
44992 83
44993 94
44997 93
45016 92
45104 91
45513 90
47413 89
52256 15
52257 1654
52258 2593
52259 2406
52260 160
52261 1653
52262 3510
52263 6005
52264 2452
52266 2582
52267 5785
52268 3320
52271 2340
52272 2386
52276 148
52280 1652
52281 3509
52282 6004
52283 2451
52285 3508
52286 6644
52287 6165
52290 5784
52291 5945
52295 2385
52304 2571
52305 5565
52306 3309
52309 5564
52310 5725
52314 3298
52328 2274
52329 2320
52333 2319
52352 136
52368 1651
52369 3507
52370 6003
52371 2450
52373 3506
52374 6643
52375 6164
52378 5783
52379 5944
52383 2384
52392 3505
52393 6642
52394 6163
52397 6641
52398 7444
52402 5943
52416 5563
52417 5724
52421 5723
52440 2318
52480 2560
52481 5345
52482 3287
52485 5344
52486 5505
52490 3276
52504 5343
52505 5504
52509 5503
52528 3265
52592 2208
52593 2254
52597 2253
52616 2252
52704 124
52777 1650
52778 3504
52779 6002
52780 2449
52782 3503
52783 6640
52784 6162
52787 5782
52788 5942
52792 2383
52801 3502
52802 6639
52803 6161
52806 6638
52807 7443
52811 5941
52825 5562
52826 5722
52830 5721
52849 2317
52889 3501
52890 6637
52891 6160
52894 6636
52895 7442
52899 5940
52913 6635
52914 7441
52918 7440
52937 5720
53001 5342
53002 5502
53006 5501
53025 5500
53113 2251
53298 2549
53299 5125
53300 3254
53303 5124
53304 5285
53308 3243
53322 5123
53323 5284
53327 5283
53346 3232
53410 5122
53411 5282
53415 5281
53434 5280
53522 3221
53819 2142
53820 2188
53824 2187
53843 2186
53931 2185
54340 112
54677 1649
54678 3500
54679 6001
54680 2448
54682 3499
54683 6634
54684 6159
54687 5781
54688 5939
54692 2382
54701 3498
54702 6633
54703 6158
54706 6632
54707 7439
54711 5938
54725 5561
54726 5719
54730 5718
54749 2316
54789 3497
54790 6631
54791 6157
54794 6630
54795 7438
54799 5937
54813 6629
54814 7437
54818 7436
54837 5717
54901 5341
54902 5499
54906 5498
54925 5497
55013 2250
55198 3496
55199 6628
55200 6156
55203 6627
55204 7435
55208 5936
55222 6626
55223 7434
55227 7433
55246 5716
55310 6625
55311 7432
55315 7431
55334 7430
55422 5496
55719 5121
55720 5279
55724 5278
55743 5277
55831 5276
56240 2184
57098 2538
57099 4905
57100 3210
57103 4904
57104 5065
57108 3199
57122 4903
57123 5064
57127 5063
57146 3188
57210 4902
57211 5062
57215 5061
57234 5060
57322 3177
57619 4901
57620 5059
57624 5058
57643 5057
57731 5056
58140 3166
59519 2076
59520 2122
59524 2121
59543 2120
59631 2119
60040 2118
61940 100
63504 1648
63505 3495
63506 6000
63507 2447
63509 3494
63510 6624
63511 6155
63514 5780
63515 5935
63519 2381
63528 3493
63529 6623
63530 6154
63533 6622
63534 7429
63538 5934
63552 5560
63553 5715
63557 5714
63576 2315
63616 3492
63617 6621
63618 6153
63621 6620
63622 7428
63626 5933
63640 6619
63641 7427
63645 7426
63664 5713
63728 5340
63729 5495
63733 5494
63752 5493
63840 2249
64025 3491
64026 6618
64027 6152
64030 6617
64031 7425
64035 5932
64049 6616
64050 7424
64054 7423
64073 5712
64137 6615
64138 7422
64142 7421
64161 7420
64249 5492
64546 5120
64547 5275
64551 5274
64570 5273
64658 5272
65067 2183
65925 3490
65926 6614
65927 6151
65930 6613
65931 7419
65935 5931
65949 6612
65950 7418
65954 7417
65973 5711
66037 6611
66038 7416
66042 7415
66061 7414
66149 5491
66446 6610
66447 7413
66451 7412
66470 7411
66558 1605
66967 5271
68346 4900
68347 5055
68351 5054
68370 5053
68458 5052
68867 5051
70767 2117
74752 2527
74753 4685
74754 3155
74757 4684
74758 4845
74762 3144
74776 4683
74777 4844
74781 4843
74800 3133
74864 4682
74865 4842
74869 4841
74888 4840
74976 3122
75273 4681
75274 4839
75278 4838
75297 4837
75385 4836
75794 3111
77173 4680
77174 4835
77178 4834
77197 4833
77285 4832
77694 4831
79594 3100
86000 2010
86001 2056
86005 2055
86024 2054
86112 2053
86521 2052
88421 2051
97248 88
104512 171
104513 2522
104514 3084
104515 316
104517 2521
104518 4480
104519 3094
104522 3073
104523 3083
104527 304
104536 2520
104537 4479
104538 3093
104541 4478
104542 4645
104546 3082
104560 3062
104561 3072
104565 3071
104584 292
104624 2519
104625 4477
104626 3092
104629 4476
104630 4644
104634 3081
104648 4475
104649 4643
104653 4642
104672 3070
104736 3051
104737 3061
104741 3060
104760 3059
104848 280
105033 2518
105034 4474
105035 3091
105038 4473
105039 4641
105043 3080
105057 4472
105058 4640
105062 4639
105081 3069
105145 4471
105146 4638
105150 4637
105169 4636
105257 3058
105554 3040
105555 3050
105559 3049
105578 3048
105666 3047
106075 268
106933 2517
106934 4470
106935 3090
106938 4469
106939 4635
106943 3079
106957 4468
106958 4634
106962 4633
106981 3068
107045 4467
107046 4632
107050 4631
107069 4630
107157 3057
107454 4466
107455 4629
107459 4628
107478 4627
107566 4626
107975 3046
109354 3029
109355 3039
109359 3038
109378 3037
109466 3036
109875 3035
111775 256
115760 2516
115761 4465
115762 3089
115765 4464
115766 4625
115770 3078
115784 4463
115785 4624
115789 4623
115808 3067
115872 4462
115873 4622
115877 4621
115896 4620
115984 3056
116281 4461
116282 4619
116286 4618
116305 4617
116393 4616
116802 3045
118181 4460
118182 4615
118186 4614
118205 4613
118293 4612
118702 4611
120602 3034
127008 3018
127009 3028
127013 3027
127032 3026
127120 3025
127529 3024
129429 3023
138256 244
156768 227
156769 1950
156770 238
156773 1949
156774 2005
156778 237
156792 1948
156793 2004
156797 2003
156816 236
156880 1947
156881 2002
156885 2001
156904 2000
156992 235
157289 1946
157290 1999
157294 1998
157313 1997
157401 1996
157810 234
159189 1945
159190 1995
159194 1994
159213 1993
159301 1992
159710 1991
161610 233
168016 1944
168017 1990
168021 1989
168040 1988
168128 1987
168537 1986
170437 1985
179264 232
209024 71
209025 82
209029 81
209048 80
209136 79
209545 78
211445 77
220272 76
242769 14
242770 1647
242771 2592
242772 2405
242773 159
242774 1646
242775 3489
242776 5999
242777 2446
242779 2581
242780 5779
242781 3319
242784 2339
242785 2380
242789 147
242793 1645
242794 3488
242795 5998
242796 2445
242798 3487
242799 6609
242800 6150
242803 5778
242804 5930
242808 2379
242817 2570
242818 5559
242819 3308
242822 5558
242823 5710
242827 3297
242841 2273
242842 2314
242846 2313
242865 135
242881 1644
242882 3486
242883 5997
242884 2444
242886 3485
242887 6608
242888 6149
242891 5777
242892 5929
242896 2378
242905 3484
242906 6607
242907 6148
242910 6606
242911 7410
242915 5928
242929 5557
242930 5709
242934 5708
242953 2312
242993 2559
242994 5339
242995 3286
242998 5338
242999 5490
243003 3275
243017 5337
243018 5489
243022 5488
243041 3264
243105 2207
243106 2248
243110 2247
243129 2246
243217 123
243290 1643
243291 3483
243292 5996
243293 2443
243295 3482
243296 6605
243297 6147
243300 5776
243301 5927
243305 2377
243314 3481
243315 6604
243316 6146
243319 6603
243320 7409
243324 5926
243338 5556
243339 5707
243343 5706
243362 2311
243402 3480
243403 6602
243404 6145
243407 6601
243408 7408
243412 5925
243426 6600
243427 7407
243431 7406
243450 5705
243514 5336
243515 5487
243519 5486
243538 5485
243626 2245
243811 2548
243812 5119
243813 3253
243816 5118
243817 5270
243821 3242
243835 5117
243836 5269
243840 5268
243859 3231
243923 5116
243924 5267
243928 5266
243947 5265
244035 3220
244332 2141
244333 2182
244337 2181
244356 2180
244444 2179
244853 111
245190 1642
245191 3479
245192 5995
245193 2442
245195 3478
245196 6599
245197 6144
245200 5775
245201 5924
245205 2376
245214 3477
245215 6598
245216 6143
245219 6597
245220 7405
245224 5923
245238 5555
245239 5704
245243 5703
245262 2310
245302 3476
245303 6596
245304 6142
245307 6595
245308 7404
245312 5922
245326 6594
245327 7403
245331 7402
245350 5702
245414 5335
245415 5484
245419 5483
245438 5482
245526 2244
245711 3475
245712 6593
245713 6141
245716 6592
245717 7401
245721 5921
245735 6591
245736 7400
245740 7399
245759 5701
245823 6590
245824 7398
245828 7397
245847 7396
245935 5481
246232 5115
246233 5264
246237 5263
246256 5262
246344 5261
246753 2178
247611 2537
247612 4899
247613 3209
247616 4898
247617 5050
247621 3198
247635 4897
247636 5049
247640 5048
247659 3187
247723 4896
247724 5047
247728 5046
247747 5045
247835 3176
248132 4895
248133 5044
248137 5043
248156 5042
248244 5041
248653 3165
250032 2075
250033 2116
250037 2115
250056 2114
250144 2113
250553 2112
252453 99
254017 1641
254018 3474
254019 5994
254020 2441
254022 3473
254023 6589
254024 6140
254027 5774
254028 5920
254032 2375
254041 3472
254042 6588
254043 6139
254046 6587
254047 7395
254051 5919
254065 5554
254066 5700
254070 5699
254089 2309
254129 3471
254130 6586
254131 6138
254134 6585
254135 7394
254139 5918
254153 6584
254154 7393
254158 7392
254177 5698
254241 5334
254242 5480
254246 5479
254265 5478
254353 2243
254538 3470
254539 6583
254540 6137
254543 6582
254544 7391
254548 5917
254562 6581
254563 7390
254567 7389
254586 5697
254650 6580
254651 7388
254655 7387
254674 7386
254762 5477
255059 5114
255060 5260
255064 5259
255083 5258
255171 5257
255580 2177
256438 3469
256439 6579
256440 6136
256443 6578
256444 7385
256448 5916
256462 6577
256463 7384
256467 7383
256486 5696
256550 6576
256551 7382
256555 7381
256574 7380
256662 5476
256959 6575
256960 7379
256964 7378
256983 7377
257071 7376
257480 5256
258859 4894
258860 5040
258864 5039
258883 5038
258971 5037
259380 5036
261280 2111
265265 2526
265266 4679
265267 3154
265270 4678
265271 4830
265275 3143
265289 4677
265290 4829
265294 4828
265313 3132
265377 4676
265378 4827
265382 4826
265401 4825
265489 3121
265786 4675
265787 4824
265791 4823
265810 4822
265898 4821
266307 3110
267686 4674
267687 4820
267691 4819
267710 4818
267798 4817
268207 4816
270107 3099
276513 2009
276514 2050
276518 2049
276537 2048
276625 2047
277034 2046
278934 2045
287761 87
295025 1640
295026 3468
295027 5993
295028 2440
295030 3467
295031 6574
295032 6135
295035 5773
295036 5915
295040 2374
295049 3466
295050 6573
295051 6134
295054 6572
295055 7375
295059 5914
295073 5553
295074 5695
295078 5694
295097 2308
295137 3465
295138 6571
295139 6133
295142 6570
295143 7374
295147 5913
295161 6569
295162 7373
295166 7372
295185 5693
295249 5333
295250 5475
295254 5474
295273 5473
295361 2242
295546 3464
295547 6568
295548 6132
295551 6567
295552 7371
295556 5912
295570 6566
295571 7370
295575 7369
295594 5692
295658 6565
295659 7368
295663 7367
295682 7366
295770 5472
296067 5113
296068 5255
296072 5254
296091 5253
296179 5252
296588 2176
297446 3463
297447 6564
297448 6131
297451 6563
297452 7365
297456 5911
297470 6562
297471 7364
297475 7363
297494 5691
297558 6561
297559 7362
297563 7361
297582 7360
297670 5471
297967 6560
297968 7359
297972 7358
297991 7357
298079 7356
298488 5251
299867 4893
299868 5035
299872 5034
299891 5033
299979 5032
300388 5031
302288 2110
306273 3462
306274 6559
306275 6130
306278 6558
306279 7355
306283 5910
306297 6557
306298 7354
306302 7353
306321 5690
306385 6556
306386 7352
306390 7351
306409 7350
306497 5470
306794 6555
306795 7349
306799 7348
306818 7347
306906 7346
307315 5250
308694 6554
308695 7345
308699 7344
308718 7343
308806 7342
309215 1604
311115 5030
317521 4673
317522 4815
317526 4814
317545 4813
317633 4812
318042 4811
319942 4810
328769 2044
347281 2515
347282 4459
347283 3088
347286 4458
347287 4610
347291 3077
347305 4457
347306 4609
347310 4608
347329 3066
347393 4456
347394 4607
347398 4606
347417 4605
347505 3055
347802 4455
347803 4604
347807 4603
347826 4602
347914 4601
348323 3044
349702 4454
349703 4600
349707 4599
349726 4598
349814 4597
350223 4596
352123 3033
358529 4453
358530 4595
358534 4594
358553 4593
358641 4592
359050 4591
360950 4590
369777 3022
399537 1943
399538 1984
399542 1983
399561 1982
399649 1981
400058 1980
401958 1979
410785 1978
451793 75
485538 170
485539 2511
485540 3007
485541 315
485543 2510
485544 4260
485545 3017
485548 2996
485549 3006
485553 303
485562 2509
485563 4259
485564 3016
485567 4258
485568 4425
485572 3005
485586 2985
485587 2995
485591 2994
485610 291
485650 2508
485651 4257
485652 3015
485655 4256
485656 4424
485660 3004
485674 4255
485675 4423
485679 4422
485698 2993
485762 2974
485763 2984
485767 2983
485786 2982
485874 279
486059 2507
486060 4254
486061 3014
486064 4253
486065 4421
486069 3003
486083 4252
486084 4420
486088 4419
486107 2992
486171 4251
486172 4418
486176 4417
486195 4416
486283 2981
486580 2963
486581 2973
486585 2972
486604 2971
486692 2970
487101 267
487959 2506
487960 4250
487961 3013
487964 4249
487965 4415
487969 3002
487983 4248
487984 4414
487988 4413
488007 2991
488071 4247
488072 4412
488076 4411
488095 4410
488183 2980
488480 4246
488481 4409
488485 4408
488504 4407
488592 4406
489001 2969
490380 2952
490381 2962
490385 2961
490404 2960
490492 2959
490901 2958
492801 255
496786 2505
496787 4245
496788 3012
496791 4244
496792 4405
496796 3001
496810 4243
496811 4404
496815 4403
496834 2990
496898 4242
496899 4402
496903 4401
496922 4400
497010 2979
497307 4241
497308 4399
497312 4398
497331 4397
497419 4396
497828 2968
499207 4240
499208 4395
499212 4394
499231 4393
499319 4392
499728 4391
501628 2957
508034 2941
508035 2951
508039 2950
508058 2949
508146 2948
508555 2947
510455 2946
519282 243
537794 2504
537795 4239
537796 3011
537799 4238
537800 4390
537804 3000
537818 4237
537819 4389
537823 4388
537842 2989
537906 4236
537907 4387
537911 4386
537930 4385
538018 2978
538315 4235
538316 4384
538320 4383
538339 4382
538427 4381
538836 2967
540215 4234
540216 4380
540220 4379
540239 4378
540327 4377
540736 4376
542636 2956
549042 4233
549043 4375
549047 4374
549066 4373
549154 4372
549563 4371
551463 4370
560290 2945
590050 2930
590051 2940
590055 2939
590074 2938
590162 2937
590571 2936
592471 2935
601298 2934
642306 231
728307 215
728308 1884
728309 226
728312 1883
728313 1939
728317 225
728331 1882
728332 1938
728336 1937
728355 224
728419 1881
728420 1936
728424 1935
728443 1934
728531 223
728828 1880
728829 1933
728833 1932
728852 1931
728940 1930
729349 222
730728 1879
730729 1929
730733 1928
730752 1927
730840 1926
731249 1925
733149 221
739555 1878
739556 1924
739560 1923
739579 1922
739667 1921
740076 1920
741976 1919
750803 220
780563 1877
780564 1918
780568 1917
780587 1916
780675 1915
781084 1914
782984 1913
791811 1912
832819 219
971076 59
971077 70
971081 69
971100 68
971188 67
971597 66
973497 65
982324 64
1023332 63
1127845 13
1127846 1639
1127847 2591
1127848 2404
1127849 158
1127850 1638
1127851 3461
1127852 5992
1127853 2439
1127855 2580
1127856 5772
1127857 3318
1127860 2338
1127861 2373
1127865 146
1127869 1637
1127870 3460
1127871 5991
1127872 2438
1127874 3459
1127875 6553
1127876 6129
1127879 5771
1127880 5909
1127884 2372
1127893 2569
1127894 5552
1127895 3307
1127898 5551
1127899 5689
1127903 3296
1127917 2272
1127918 2307
1127922 2306
1127941 134
1127957 1636
1127958 3458
1127959 5990
1127960 2437
1127962 3457
1127963 6552
1127964 6128
1127967 5770
1127968 5908
1127972 2371
1127981 3456
1127982 6551
1127983 6127
1127986 6550
1127987 7341
1127991 5907
1128005 5550
1128006 5688
1128010 5687
1128029 2305
1128069 2558
1128070 5332
1128071 3285
1128074 5331
1128075 5469
1128079 3274
1128093 5330
1128094 5468
1128098 5467
1128117 3263
1128181 2206
1128182 2241
1128186 2240
1128205 2239
1128293 122
1128366 1635
1128367 3455
1128368 5989
1128369 2436
1128371 3454
1128372 6549
1128373 6126
1128376 5769
1128377 5906
1128381 2370
1128390 3453
1128391 6548
1128392 6125
1128395 6547
1128396 7340
1128400 5905
1128414 5549
1128415 5686
1128419 5685
1128438 2304
1128478 3452
1128479 6546
1128480 6124
1128483 6545
1128484 7339
1128488 5904
1128502 6544
1128503 7338
1128507 7337
1128526 5684
1128590 5329
1128591 5466
1128595 5465
1128614 5464
1128702 2238
1128887 2547
1128888 5112
1128889 3252
1128892 5111
1128893 5249
1128897 3241
1128911 5110
1128912 5248
1128916 5247
1128935 3230
1128999 5109
1129000 5246
1129004 5245
1129023 5244
1129111 3219
1129408 2140
1129409 2175
1129413 2174
1129432 2173
1129520 2172
1129929 110
1130266 1634
1130267 3451
1130268 5988
1130269 2435
1130271 3450
1130272 6543
1130273 6123
1130276 5768
1130277 5903
1130281 2369
1130290 3449
1130291 6542
1130292 6122
1130295 6541
1130296 7336
1130300 5902
1130314 5548
1130315 5683
1130319 5682
1130338 2303
1130378 3448
1130379 6540
1130380 6121
1130383 6539
1130384 7335
1130388 5901
1130402 6538
1130403 7334
1130407 7333
1130426 5681
1130490 5328
1130491 5463
1130495 5462
1130514 5461
1130602 2237
1130787 3447
1130788 6537
1130789 6120
1130792 6536
1130793 7332
1130797 5900
1130811 6535
1130812 7331
1130816 7330
1130835 5680
1130899 6534
1130900 7329
1130904 7328
1130923 7327
1131011 5460
1131308 5108
1131309 5243
1131313 5242
1131332 5241
1131420 5240
1131829 2171
1132687 2536
1132688 4892
1132689 3208
1132692 4891
1132693 5029
1132697 3197
1132711 4890
1132712 5028
1132716 5027
1132735 3186
1132799 4889
1132800 5026
1132804 5025
1132823 5024
1132911 3175
1133208 4888
1133209 5023
1133213 5022
1133232 5021
1133320 5020
1133729 3164
1135108 2074
1135109 2109
1135113 2108
1135132 2107
1135220 2106
1135629 2105
1137529 98
1139093 1633
1139094 3446
1139095 5987
1139096 2434
1139098 3445
1139099 6533
1139100 6119
1139103 5767
1139104 5899
1139108 2368
1139117 3444
1139118 6532
1139119 6118
1139122 6531
1139123 7326
1139127 5898
1139141 5547
1139142 5679
1139146 5678
1139165 2302
1139205 3443
1139206 6530
1139207 6117
1139210 6529
1139211 7325
1139215 5897
1139229 6528
1139230 7324
1139234 7323
1139253 5677
1139317 5327
1139318 5459
1139322 5458
1139341 5457
1139429 2236
1139614 3442
1139615 6527
1139616 6116
1139619 6526
1139620 7322
1139624 5896
1139638 6525
1139639 7321
1139643 7320
1139662 5676
1139726 6524
1139727 7319
1139731 7318
1139750 7317
1139838 5456
1140135 5107
1140136 5239
1140140 5238
1140159 5237
1140247 5236
1140656 2170
1141514 3441
1141515 6523
1141516 6115
1141519 6522
1141520 7316
1141524 5895
1141538 6521
1141539 7315
1141543 7314
1141562 5675
1141626 6520
1141627 7313
1141631 7312
1141650 7311
1141738 5455
1142035 6519
1142036 7310
1142040 7309
1142059 7308
1142147 7307
1142556 5235
1143935 4887
1143936 5019
1143940 5018
1143959 5017
1144047 5016
1144456 5015
1146356 2104
1150341 2525
1150342 4672
1150343 3153
1150346 4671
1150347 4809
1150351 3142
1150365 4670
1150366 4808
1150370 4807
1150389 3131
1150453 4669
1150454 4806
1150458 4805
1150477 4804
1150565 3120
1150862 4668
1150863 4803
1150867 4802
1150886 4801
1150974 4800
1151383 3109
1152762 4667
1152763 4799
1152767 4798
1152786 4797
1152874 4796
1153283 4795
1155183 3098
1161589 2008
1161590 2043
1161594 2042
1161613 2041
1161701 2040
1162110 2039
1164010 2038
1172837 86
1180101 1632
1180102 3440
1180103 5986
1180104 2433
1180106 3439
1180107 6518
1180108 6114
1180111 5766
1180112 5894
1180116 2367
1180125 3438
1180126 6517
1180127 6113
1180130 6516
1180131 7306
1180135 5893
1180149 5546
1180150 5674
1180154 5673
1180173 2301
1180213 3437
1180214 6515
1180215 6112
1180218 6514
1180219 7305
1180223 5892
1180237 6513
1180238 7304
1180242 7303
1180261 5672
1180325 5326
1180326 5454
1180330 5453
1180349 5452
1180437 2235
1180622 3436
1180623 6512
1180624 6111
1180627 6511
1180628 7302
1180632 5891
1180646 6510
1180647 7301
1180651 7300
1180670 5671
1180734 6509
1180735 7299
1180739 7298
1180758 7297
1180846 5451
1181143 5106
1181144 5234
1181148 5233
1181167 5232
1181255 5231
1181664 2169
1182522 3435
1182523 6508
1182524 6110
1182527 6507
1182528 7296
1182532 5890
1182546 6506
1182547 7295
1182551 7294
1182570 5670
1182634 6505
1182635 7293
1182639 7292
1182658 7291
1182746 5450
1183043 6504
1183044 7290
1183048 7289
1183067 7288
1183155 7287
1183564 5230
1184943 4886
1184944 5014
1184948 5013
1184967 5012
1185055 5011
1185464 5010
1187364 2103
1191349 3434
1191350 6503
1191351 6109
1191354 6502
1191355 7286
1191359 5889
1191373 6501
1191374 7285
1191378 7284
1191397 5669
1191461 6500
1191462 7283
1191466 7282
1191485 7281
1191573 5449
1191870 6499
1191871 7280
1191875 7279
1191894 7278
1191982 7277
1192391 5229
1193770 6498
1193771 7276
1193775 7275
1193794 7274
1193882 7273
1194291 7272
1196191 5009
1202597 4666
1202598 4794
1202602 4793
1202621 4792
1202709 4791
1203118 4790
1205018 4789
1213845 2037
1232357 2514
1232358 4452
1232359 3087
1232362 4451
1232363 4589
1232367 3076
1232381 4450
1232382 4588
1232386 4587
1232405 3065
1232469 4449
1232470 4586
1232474 4585
1232493 4584
1232581 3054
1232878 4448
1232879 4583
1232883 4582
1232902 4581
1232990 4580
1233399 3043
1234778 4447
1234779 4579
1234783 4578
1234802 4577
1234890 4576
1235299 4575
1237199 3032
1243605 4446
1243606 4574
1243610 4573
1243629 4572
1243717 4571
1244126 4570
1246026 4569
1254853 3021
1284613 1942
1284614 1977
1284618 1976
1284637 1975
1284725 1974
1285134 1973
1287034 1972
1295861 1971
1336869 74
1370614 1631
1370615 3433
1370616 5985
1370617 2432
1370619 3432
1370620 6497
1370621 6108
1370624 5765
1370625 5888
1370629 2366
1370638 3431
1370639 6496
1370640 6107
1370643 6495
1370644 7271
1370648 5887
1370662 5545
1370663 5668
1370667 5667
1370686 2300
1370726 3430
1370727 6494
1370728 6106
1370731 6493
1370732 7270
1370736 5886
1370750 6492
1370751 7269
1370755 7268
1370774 5666
1370838 5325
1370839 5448
1370843 5447
1370862 5446
1370950 2234
1371135 3429
1371136 6491
1371137 6105
1371140 6490
1371141 7267
1371145 5885
1371159 6489
1371160 7266
1371164 7265
1371183 5665
1371247 6488
1371248 7264
1371252 7263
1371271 7262
1371359 5445
1371656 5105
1371657 5228
1371661 5227
1371680 5226
1371768 5225
1372177 2168
1373035 3428
1373036 6487
1373037 6104
1373040 6486
1373041 7261
1373045 5884
1373059 6485
1373060 7260
1373064 7259
1373083 5664
1373147 6484
1373148 7258
1373152 7257
1373171 7256
1373259 5444
1373556 6483
1373557 7255
1373561 7254
1373580 7253
1373668 7252
1374077 5224
1375456 4885
1375457 5008
1375461 5007
1375480 5006
1375568 5005
1375977 5004
1377877 2102
1381862 3427
1381863 6482
1381864 6103
1381867 6481
1381868 7251
1381872 5883
1381886 6480
1381887 7250
1381891 7249
1381910 5663
1381974 6479
1381975 7248
1381979 7247
1381998 7246
1382086 5443
1382383 6478
1382384 7245
1382388 7244
1382407 7243
1382495 7242
1382904 5223
1384283 6477
1384284 7241
1384288 7240
1384307 7239
1384395 7238
1384804 7237
1386704 5003
1393110 4665
1393111 4788
1393115 4787
1393134 4786
1393222 4785
1393631 4784
1395531 4783
1404358 2036
1422870 3426
1422871 6476
1422872 6102
1422875 6475
1422876 7236
1422880 5882
1422894 6474
1422895 7235
1422899 7234
1422918 5662
1422982 6473
1422983 7233
1422987 7232
1423006 7231
1423094 5442
1423391 6472
1423392 7230
1423396 7229
1423415 7228
1423503 7227
1423912 5222
1425291 6471
1425292 7226
1425296 7225
1425315 7224
1425403 7223
1425812 7222
1427712 5002
1434118 6470
1434119 7221
1434123 7220
1434142 7219
1434230 7218
1434639 7217
1436539 1603
1445366 4782
1475126 4445
1475127 4568
1475131 4567
1475150 4566
1475238 4565
1475647 4564
1477547 4563
1486374 4562
1527382 1970
1613383 2503
1613384 4232
1613385 3010
1613388 4231
1613389 4369
1613393 2999
1613407 4230
1613408 4368
1613412 4367
1613431 2988
1613495 4229
1613496 4366
1613500 4365
1613519 4364
1613607 2977
1613904 4228
1613905 4363
1613909 4362
1613928 4361
1614016 4360
1614425 2966
1615804 4227
1615805 4359
1615809 4358
1615828 4357
1615916 4356
1616325 4355
1618225 2955
1624631 4226
1624632 4354
1624636 4353
1624655 4352
1624743 4351
1625152 4350
1627052 4349
1635879 2944
1665639 4225
1665640 4348
1665644 4347
1665663 4346
1665751 4345
1666160 4344
1668060 4343
1676887 4342
1717895 2933
1856152 1876
1856153 1911
1856157 1910
1856176 1909
1856264 1908
1856673 1907
1858573 1906
1867400 1905
1908408 1904
2098921 62
2255690 169
2255691 2500
2255692 2919
2255693 314
2255695 2499
2255696 4040
2255697 2929
2255700 2908
2255701 2918
2255705 302
2255714 2498
2255715 4039
2255716 2928
2255719 4038
2255720 4205
2255724 2917
2255738 2897
2255739 2907
2255743 2906
2255762 290
2255802 2497
2255803 4037
2255804 2927
2255807 4036
2255808 4204
2255812 2916
2255826 4035
2255827 4203
2255831 4202
2255850 2905
2255914 2886
2255915 2896
2255919 2895
2255938 2894
2256026 278
2256211 2496
2256212 4034
2256213 2926
2256216 4033
2256217 4201
2256221 2915
2256235 4032
2256236 4200
2256240 4199
2256259 2904
2256323 4031
2256324 4198
2256328 4197
2256347 4196
2256435 2893
2256732 2875
2256733 2885
2256737 2884
2256756 2883
2256844 2882
2257253 266
2258111 2495
2258112 4030
2258113 2925
2258116 4029
2258117 4195
2258121 2914
2258135 4028
2258136 4194
2258140 4193
2258159 2903
2258223 4027
2258224 4192
2258228 4191
2258247 4190
2258335 2892
2258632 4026
2258633 4189
2258637 4188
2258656 4187
2258744 4186
2259153 2881
2260532 2864
2260533 2874
2260537 2873
2260556 2872
2260644 2871
2261053 2870
2262953 254
2266938 2494
2266939 4025
2266940 2924
2266943 4024
2266944 4185
2266948 2913
2266962 4023
2266963 4184
2266967 4183
2266986 2902
2267050 4022
2267051 4182
2267055 4181
2267074 4180
2267162 2891
2267459 4021
2267460 4179
2267464 4178
2267483 4177
2267571 4176
2267980 2880
2269359 4020
2269360 4175
2269364 4174
2269383 4173
2269471 4172
2269880 4171
2271780 2869
2278186 2853
2278187 2863
2278191 2862
2278210 2861
2278298 2860
2278707 2859
2280607 2858
2289434 242
2307946 2493
2307947 4019
2307948 2923
2307951 4018
2307952 4170
2307956 2912
2307970 4017
2307971 4169
2307975 4168
2307994 2901
2308058 4016
2308059 4167
2308063 4166
2308082 4165
2308170 2890
2308467 4015
2308468 4164
2308472 4163
2308491 4162
2308579 4161
2308988 2879
2310367 4014
2310368 4160
2310372 4159
2310391 4158
2310479 4157
2310888 4156
2312788 2868
2319194 4013
2319195 4155
2319199 4154
2319218 4153
2319306 4152
2319715 4151
2321615 4150
2330442 2857
2360202 2842
2360203 2852
2360207 2851
2360226 2850
2360314 2849
2360723 2848
2362623 2847
2371450 2846
2412458 230
2498459 2492
2498460 4012
2498461 2922
2498464 4011
2498465 4149
2498469 2911
2498483 4010
2498484 4148
2498488 4147
2498507 2900
2498571 4009
2498572 4146
2498576 4145
2498595 4144
2498683 2889
2498980 4008
2498981 4143
2498985 4142
2499004 4141
2499092 4140
2499501 2878
2500880 4007
2500881 4139
2500885 4138
2500904 4137
2500992 4136
2501401 4135
2503301 2867
2509707 4006
2509708 4134
2509712 4133
2509731 4132
2509819 4131
2510228 4130
2512128 4129
2520955 2856
2550715 4005
2550716 4128
2550720 4127
2550739 4126
2550827 4125
2551236 4124
2553136 4123
2561963 4122
2602971 2845
2741228 2831
2741229 2841
2741233 2840
2741252 2839
2741340 2838
2741749 2837
2743649 2836
2752476 2835
2793484 2834
2983997 218
3383535 203
3383536 1818
3383537 214
3383540 1817
3383541 1873
3383545 213
3383559 1816
3383560 1872
3383564 1871
3383583 212
3383647 1815
3383648 1870
3383652 1869
3383671 1868
3383759 211
3384056 1814
3384057 1867
3384061 1866
3384080 1865
3384168 1864
3384577 210
3385956 1813
3385957 1863
3385961 1862
3385980 1861
3386068 1860
3386477 1859
3388377 209
3394783 1812
3394784 1858
3394788 1857
3394807 1856
3394895 1855
3395304 1854
3397204 1853
3406031 208
3435791 1811
3435792 1852
3435796 1851
3435815 1850
3435903 1849
3436312 1848
3438212 1847
3447039 1846
3488047 207
3626304 1810
3626305 1845
3626309 1844
3626328 1843
3626416 1842
3626825 1841
3628725 1840
3637552 1839
3678560 1838
3869073 206
4511380 47
4511381 58
4511385 57
4511404 56
4511492 55
4511901 54
4513801 53
4522628 52
4563636 51
4754149 50
5239688 12
5239689 1630
5239690 2590
5239691 2403
5239692 157
5239693 1629
5239694 3425
5239695 5984
5239696 2431
5239698 2579
5239699 5764
5239700 3317
5239703 2337
5239704 2365
5239708 145
5239712 1628
5239713 3424
5239714 5983
5239715 2430
5239717 3423
5239718 6469
5239719 6101
5239722 5763
5239723 5881
5239727 2364
5239736 2568
5239737 5544
5239738 3306
5239741 5543
5239742 5661
5239746 3295
5239760 2271
5239761 2299
5239765 2298
5239784 133
5239800 1627
5239801 3422
5239802 5982
5239803 2429
5239805 3421
5239806 6468
5239807 6100
5239810 5762
5239811 5880
5239815 2363
5239824 3420
5239825 6467
5239826 6099
5239829 6466
5239830 7216
5239834 5879
5239848 5542
5239849 5660
5239853 5659
5239872 2297
5239912 2557
5239913 5324
5239914 3284
5239917 5323
5239918 5441
5239922 3273
5239936 5322
5239937 5440
5239941 5439
5239960 3262
5240024 2205
5240025 2233
5240029 2232
5240048 2231
5240136 121
5240209 1626
5240210 3419
5240211 5981
5240212 2428
5240214 3418
5240215 6465
5240216 6098
5240219 5761
5240220 5878
5240224 2362
5240233 3417
5240234 6464
5240235 6097
5240238 6463
5240239 7215
5240243 5877
5240257 5541
5240258 5658
5240262 5657
5240281 2296
5240321 3416
5240322 6462
5240323 6096
5240326 6461
5240327 7214
5240331 5876
5240345 6460
5240346 7213
5240350 7212
5240369 5656
5240433 5321
5240434 5438
5240438 5437
5240457 5436
5240545 2230
5240730 2546
5240731 5104
5240732 3251
5240735 5103
5240736 5221
5240740 3240
5240754 5102
5240755 5220
5240759 5219
5240778 3229
5240842 5101
5240843 5218
5240847 5217
5240866 5216
5240954 3218
5241251 2139
5241252 2167
5241256 2166
5241275 2165
5241363 2164
5241772 109
5242109 1625
5242110 3415
5242111 5980
5242112 2427
5242114 3414
5242115 6459
5242116 6095
5242119 5760
5242120 5875
5242124 2361
5242133 3413
5242134 6458
5242135 6094
5242138 6457
5242139 7211
5242143 5874
5242157 5540
5242158 5655
5242162 5654
5242181 2295
5242221 3412
5242222 6456
5242223 6093
5242226 6455
5242227 7210
5242231 5873
5242245 6454
5242246 7209
5242250 7208
5242269 5653
5242333 5320
5242334 5435
5242338 5434
5242357 5433
5242445 2229
5242630 3411
5242631 6453
5242632 6092
5242635 6452
5242636 7207
5242640 5872
5242654 6451
5242655 7206
5242659 7205
5242678 5652
5242742 6450
5242743 7204
5242747 7203
5242766 7202
5242854 5432
5243151 5100
5243152 5215
5243156 5214
5243175 5213
5243263 5212
5243672 2163
5244530 2535
5244531 4884
5244532 3207
5244535 4883
5244536 5001
5244540 3196
5244554 4882
5244555 5000
5244559 4999
5244578 3185
5244642 4881
5244643 4998
5244647 4997
5244666 4996
5244754 3174
5245051 4880
5245052 4995
5245056 4994
5245075 4993
5245163 4992
5245572 3163
5246951 2073
5246952 2101
5246956 2100
5246975 2099
5247063 2098
5247472 2097
5249372 97
5250936 1624
5250937 3410
5250938 5979
5250939 2426
5250941 3409
5250942 6449
5250943 6091
5250946 5759
5250947 5871
5250951 2360
5250960 3408
5250961 6448
5250962 6090
5250965 6447
5250966 7201
5250970 5870
5250984 5539
5250985 5651
5250989 5650
5251008 2294
5251048 3407
5251049 6446
5251050 6089
5251053 6445
5251054 7200
5251058 5869
5251072 6444
5251073 7199
5251077 7198
5251096 5649
5251160 5319
5251161 5431
5251165 5430
5251184 5429
5251272 2228
5251457 3406
5251458 6443
5251459 6088
5251462 6442
5251463 7197
5251467 5868
5251481 6441
5251482 7196
5251486 7195
5251505 5648
5251569 6440
5251570 7194
5251574 7193
5251593 7192
5251681 5428
5251978 5099
5251979 5211
5251983 5210
5252002 5209
5252090 5208
5252499 2162
5253357 3405
5253358 6439
5253359 6087
5253362 6438
5253363 7191
5253367 5867
5253381 6437
5253382 7190
5253386 7189
5253405 5647
5253469 6436
5253470 7188
5253474 7187
5253493 7186
5253581 5427
5253878 6435
5253879 7185
5253883 7184
5253902 7183
5253990 7182
5254399 5207
5255778 4879
5255779 4991
5255783 4990
5255802 4989
5255890 4988
5256299 4987
5258199 2096
5262184 2524
5262185 4664
5262186 3152
5262189 4663
5262190 4781
5262194 3141
5262208 4662
5262209 4780
5262213 4779
5262232 3130
5262296 4661
5262297 4778
5262301 4777
5262320 4776
5262408 3119
5262705 4660
5262706 4775
5262710 4774
5262729 4773
5262817 4772
5263226 3108
5264605 4659
5264606 4771
5264610 4770
5264629 4769
5264717 4768
5265126 4767
5267026 3097
5273432 2007
5273433 2035
5273437 2034
5273456 2033
5273544 2032
5273953 2031
5275853 2030
5284680 85
5291944 1623
5291945 3404
5291946 5978
5291947 2425
5291949 3403
5291950 6434
5291951 6086
5291954 5758
5291955 5866
5291959 2359
5291968 3402
5291969 6433
5291970 6085
5291973 6432
5291974 7181
5291978 5865
5291992 5538
5291993 5646
5291997 5645
5292016 2293
5292056 3401
5292057 6431
5292058 6084
5292061 6430
5292062 7180
5292066 5864
5292080 6429
5292081 7179
5292085 7178
5292104 5644
5292168 5318
5292169 5426
5292173 5425
5292192 5424
5292280 2227
5292465 3400
5292466 6428
5292467 6083
5292470 6427
5292471 7177
5292475 5863
5292489 6426
5292490 7176
5292494 7175
5292513 5643
5292577 6425
5292578 7174
5292582 7173
5292601 7172
5292689 5423
5292986 5098
5292987 5206
5292991 5205
5293010 5204
5293098 5203
5293507 2161
5294365 3399
5294366 6424
5294367 6082
5294370 6423
5294371 7171
5294375 5862
5294389 6422
5294390 7170
5294394 7169
5294413 5642
5294477 6421
5294478 7168
5294482 7167
5294501 7166
5294589 5422
5294886 6420
5294887 7165
5294891 7164
5294910 7163
5294998 7162
5295407 5202
5296786 4878
5296787 4986
5296791 4985
5296810 4984
5296898 4983
5297307 4982
5299207 2095
5303192 3398
5303193 6419
5303194 6081
5303197 6418
5303198 7161
5303202 5861
5303216 6417
5303217 7160
5303221 7159
5303240 5641
5303304 6416
5303305 7158
5303309 7157
5303328 7156
5303416 5421
5303713 6415
5303714 7155
5303718 7154
5303737 7153
5303825 7152
5304234 5201
5305613 6414
5305614 7151
5305618 7150
5305637 7149
5305725 7148
5306134 7147
5308034 4981
5314440 4658
5314441 4766
5314445 4765
5314464 4764
5314552 4763
5314961 4762
5316861 4761
5325688 2029
5344200 2513
5344201 4444
5344202 3086
5344205 4443
5344206 4561
5344210 3075
5344224 4442
5344225 4560
5344229 4559
5344248 3064
5344312 4441
5344313 4558
5344317 4557
5344336 4556
5344424 3053
5344721 4440
5344722 4555
5344726 4554
5344745 4553
5344833 4552
5345242 3042
5346621 4439
5346622 4551
5346626 4550
5346645 4549
5346733 4548
5347142 4547
5349042 3031
5355448 4438
5355449 4546
5355453 4545
5355472 4544
5355560 4543
5355969 4542
5357869 4541
5366696 3020
5396456 1941
5396457 1969
5396461 1968
5396480 1967
5396568 1966
5396977 1965
5398877 1964
5407704 1963
5448712 73
5482457 1622
5482458 3397
5482459 5977
5482460 2424
5482462 3396
5482463 6413
5482464 6080
5482467 5757
5482468 5860
5482472 2358
5482481 3395
5482482 6412
5482483 6079
5482486 6411
5482487 7146
5482491 5859
5482505 5537
5482506 5640
5482510 5639
5482529 2292
5482569 3394
5482570 6410
5482571 6078
5482574 6409
5482575 7145
5482579 5858
5482593 6408
5482594 7144
5482598 7143
5482617 5638
5482681 5317
5482682 5420
5482686 5419
5482705 5418
5482793 2226
5482978 3393
5482979 6407
5482980 6077
5482983 6406
5482984 7142
5482988 5857
5483002 6405
5483003 7141
5483007 7140
5483026 5637
5483090 6404
5483091 7139
5483095 7138
5483114 7137
5483202 5417
5483499 5097
5483500 5200
5483504 5199
5483523 5198
5483611 5197
5484020 2160
5484878 3392
5484879 6403
5484880 6076
5484883 6402
5484884 7136
5484888 5856
5484902 6401
5484903 7135
5484907 7134
5484926 5636
5484990 6400
5484991 7133
5484995 7132
5485014 7131
5485102 5416
5485399 6399
5485400 7130
5485404 7129
5485423 7128
5485511 7127
5485920 5196
5487299 4877
5487300 4980
5487304 4979
5487323 4978
5487411 4977
5487820 4976
5489720 2094
5493705 3391
5493706 6398
5493707 6075
5493710 6397
5493711 7126
5493715 5855
5493729 6396
5493730 7125
5493734 7124
5493753 5635
5493817 6395
5493818 7123
5493822 7122
5493841 7121
5493929 5415
5494226 6394
5494227 7120
5494231 7119
5494250 7118
5494338 7117
5494747 5195
5496126 6393
5496127 7116
5496131 7115
5496150 7114
5496238 7113
5496647 7112
5498547 4975
5504953 4657
5504954 4760
5504958 4759
5504977 4758
5505065 4757
5505474 4756
5507374 4755
5516201 2028
5534713 3390
5534714 6392
5534715 6074
5534718 6391
5534719 7111
5534723 5854
5534737 6390
5534738 7110
5534742 7109
5534761 5634
5534825 6389
5534826 7108
5534830 7107
5534849 7106
5534937 5414
5535234 6388
5535235 7105
5535239 7104
5535258 7103
5535346 7102
5535755 5194
5537134 6387
5537135 7101
5537139 7100
5537158 7099
5537246 7098
5537655 7097
5539555 4974
5545961 6386
5545962 7096
5545966 7095
5545985 7094
5546073 7093
5546482 7092
5548382 7091
5557209 4754
5586969 4437
5586970 4540
5586974 4539
5586993 4538
5587081 4537
5587490 4536
5589390 4535
5598217 4534
5639225 1962
5725226 2502
5725227 4224
5725228 3009
5725231 4223
5725232 4341
5725236 2998
5725250 4222
5725251 4340
5725255 4339
5725274 2987
5725338 4221
5725339 4338
5725343 4337
5725362 4336
5725450 2976
5725747 4220
5725748 4335
5725752 4334
5725771 4333
5725859 4332
5726268 2965
5727647 4219
5727648 4331
5727652 4330
5727671 4329
5727759 4328
5728168 4327
5730068 2954
5736474 4218
5736475 4326
5736479 4325
5736498 4324
5736586 4323
5736995 4322
5738895 4321
5747722 2943
5777482 4217
5777483 4320
5777487 4319
5777506 4318
5777594 4317
5778003 4316
5779903 4315
5788730 4314
5829738 2932
5967995 1875
5967996 1903
5968000 1902
5968019 1901
5968107 1900
5968516 1899
5970416 1898
5979243 1897
6020251 1896
6210764 61
6367533 1621
6367534 3389
6367535 5976
6367536 2423
6367538 3388
6367539 6385
6367540 6073
6367543 5756
6367544 5853
6367548 2357
6367557 3387
6367558 6384
6367559 6072
6367562 6383
6367563 7090
6367567 5852
6367581 5536
6367582 5633
6367586 5632
6367605 2291
6367645 3386
6367646 6382
6367647 6071
6367650 6381
6367651 7089
6367655 5851
6367669 6380
6367670 7088
6367674 7087
6367693 5631
6367757 5316
6367758 5413
6367762 5412
6367781 5411
6367869 2225
6368054 3385
6368055 6379
6368056 6070
6368059 6378
6368060 7086
6368064 5850
6368078 6377
6368079 7085
6368083 7084
6368102 5630
6368166 6376
6368167 7083
6368171 7082
6368190 7081
6368278 5410
6368575 5096
6368576 5193
6368580 5192
6368599 5191
6368687 5190
6369096 2159
6369954 3384
6369955 6375
6369956 6069
6369959 6374
6369960 7080
6369964 5849
6369978 6373
6369979 7079
6369983 7078
6370002 5629
6370066 6372
6370067 7077
6370071 7076
6370090 7075
6370178 5409
6370475 6371
6370476 7074
6370480 7073
6370499 7072
6370587 7071
6370996 5189
6372375 4876
6372376 4973
6372380 4972
6372399 4971
6372487 4970
6372896 4969
6374796 2093
6378781 3383
6378782 6370
6378783 6068
6378786 6369
6378787 7070
6378791 5848
6378805 6368
6378806 7069
6378810 7068
6378829 5628
6378893 6367
6378894 7067
6378898 7066
6378917 7065
6379005 5408
6379302 6366
6379303 7064
6379307 7063
6379326 7062
6379414 7061
6379823 5188
6381202 6365
6381203 7060
6381207 7059
6381226 7058
6381314 7057
6381723 7056
6383623 4968
6390029 4656
6390030 4753
6390034 4752
6390053 4751
6390141 4750
6390550 4749
6392450 4748
6401277 2027
6419789 3382
6419790 6364
6419791 6067
6419794 6363
6419795 7055
6419799 5847
6419813 6362
6419814 7054
6419818 7053
6419837 5627
6419901 6361
6419902 7052
6419906 7051
6419925 7050
6420013 5407
6420310 6360
6420311 7049
6420315 7048
6420334 7047
6420422 7046
6420831 5187
6422210 6359
6422211 7045
6422215 7044
6422234 7043
6422322 7042
6422731 7041
6424631 4967
6431037 6358
6431038 7040
6431042 7039
6431061 7038
6431149 7037
6431558 7036
6433458 7035
6442285 4747
6472045 4436
6472046 4533
6472050 4532
6472069 4531
6472157 4530
6472566 4529
6474466 4528
6483293 4527
6524301 1961
6610302 3381
6610303 6357
6610304 6066
6610307 6356
6610308 7034
6610312 5846
6610326 6355
6610327 7033
6610331 7032
6610350 5626
6610414 6354
6610415 7031
6610419 7030
6610438 7029
6610526 5406
6610823 6353
6610824 7028
6610828 7027
6610847 7026
6610935 7025
6611344 5186
6612723 6352
6612724 7024
6612728 7023
6612747 7022
6612835 7021
6613244 7020
6615144 4966
6621550 6351
6621551 7019
6621555 7018
6621574 7017
6621662 7016
6622071 7015
6623971 7014
6632798 4746
6662558 6350
6662559 7013
6662563 7012
6662582 7011
6662670 7010
6663079 7009
6664979 7008
6673806 1602
6714814 4526
6853071 4216
6853072 4313
6853076 4312
6853095 4311
6853183 4310
6853592 4309
6855492 4308
6864319 4307
6905327 4306
7095840 1895
7495378 2491
7495379 4004
7495380 2921
7495383 4003
7495384 4121
7495388 2910
7495402 4002
7495403 4120
7495407 4119
7495426 2899
7495490 4001
7495491 4118
7495495 4117
7495514 4116
7495602 2888
7495899 4000
7495900 4115
7495904 4114
7495923 4113
7496011 4112
7496420 2877
7497799 3999
7497800 4111
7497804 4110
7497823 4109
7497911 4108
7498320 4107
7500220 2866
7506626 3998
7506627 4106
7506631 4105
7506650 4104
7506738 4103
7507147 4102
7509047 4101
7517874 2855
7547634 3997
7547635 4100
7547639 4099
7547658 4098
7547746 4097
7548155 4096
7550055 4095
7558882 4094
7599890 2844
7738147 3996
7738148 4093
7738152 4092
7738171 4091
7738259 4090
7738668 4089
7740568 4088
7749395 4087
7790403 4086
7980916 2833
8623223 1809
8623224 1837
8623228 1836
8623247 1835
8623335 1834
8623744 1833
8625644 1832
8634471 1831
8675479 1830
8865992 1829
9751068 49
10479376 168
10479377 2489
10479378 2820
10479379 313
10479381 2488
10479382 3820
10479383 2830
10479386 2809
10479387 2819
10479391 301
10479400 2487
10479401 3819
10479402 2829
10479405 3818
10479406 3985
10479410 2818
10479424 2798
10479425 2808
10479429 2807
10479448 289
10479488 2486
10479489 3817
10479490 2828
10479493 3816
10479494 3984
10479498 2817
10479512 3815
10479513 3983
10479517 3982
10479536 2806
10479600 2787
10479601 2797
10479605 2796
10479624 2795
10479712 277
10479897 2485
10479898 3814
10479899 2827
10479902 3813
10479903 3981
10479907 2816
10479921 3812
10479922 3980
10479926 3979
10479945 2805
10480009 3811
10480010 3978
10480014 3977
10480033 3976
10480121 2794
10480418 2776
10480419 2786
10480423 2785
10480442 2784
10480530 2783
10480939 265
10481797 2484
10481798 3810
10481799 2826
10481802 3809
10481803 3975
10481807 2815
10481821 3808
10481822 3974
10481826 3973
10481845 2804
10481909 3807
10481910 3972
10481914 3971
10481933 3970
10482021 2793
10482318 3806
10482319 3969
10482323 3968
10482342 3967
10482430 3966
10482839 2782
10484218 2765
10484219 2775
10484223 2774
10484242 2773
10484330 2772
10484739 2771
10486639 253
10490624 2483
10490625 3805
10490626 2825
10490629 3804
10490630 3965
10490634 2814
10490648 3803
10490649 3964
10490653 3963
10490672 2803
10490736 3802
10490737 3962
10490741 3961
10490760 3960
10490848 2792
10491145 3801
10491146 3959
10491150 3958
10491169 3957
10491257 3956
10491666 2781
10493045 3800
10493046 3955
10493050 3954
10493069 3953
10493157 3952
10493566 3951
10495466 2770
10501872 2754
10501873 2764
10501877 2763
10501896 2762
10501984 2761
10502393 2760
10504293 2759
10513120 241
10531632 2482
10531633 3799
10531634 2824
10531637 3798
10531638 3950
10531642 2813
10531656 3797
10531657 3949
10531661 3948
10531680 2802
10531744 3796
10531745 3947
10531749 3946
10531768 3945
10531856 2791
10532153 3795
10532154 3944
10532158 3943
10532177 3942
10532265 3941
10532674 2780
10534053 3794
10534054 3940
10534058 3939
10534077 3938
10534165 3937
10534574 3936
10536474 2769
10542880 3793
10542881 3935
10542885 3934
10542904 3933
10542992 3932
10543401 3931
10545301 3930
10554128 2758
10583888 2743
10583889 2753
10583893 2752
10583912 2751
10584000 2750
10584409 2749
10586309 2748
10595136 2747
10636144 229
10722145 2481
10722146 3792
10722147 2823
10722150 3791
10722151 3929
10722155 2812
10722169 3790
10722170 3928
10722174 3927
10722193 2801
10722257 3789
10722258 3926
10722262 3925
10722281 3924
10722369 2790
10722666 3788
10722667 3923
10722671 3922
10722690 3921
10722778 3920
10723187 2779
10724566 3787
10724567 3919
10724571 3918
10724590 3917
10724678 3916
10725087 3915
10726987 2768
10733393 3786
10733394 3914
10733398 3913
10733417 3912
10733505 3911
10733914 3910
10735814 3909
10744641 2757
10774401 3785
10774402 3908
10774406 3907
10774425 3906
10774513 3905
10774922 3904
10776822 3903
10785649 3902
10826657 2746
10964914 2732
10964915 2742
10964919 2741
10964938 2740
10965026 2739
10965435 2738
10967335 2737
10976162 2736
11017170 2735
11207683 217
11607221 2480
11607222 3784
11607223 2822
11607226 3783
11607227 3901
11607231 2811
11607245 3782
11607246 3900
11607250 3899
11607269 2800
11607333 3781
11607334 3898
11607338 3897
11607357 3896
11607445 2789
11607742 3780
11607743 3895
11607747 3894
11607766 3893
11607854 3892
11608263 2778
11609642 3779
11609643 3891
11609647 3890
11609666 3889
11609754 3888
11610163 3887
11612063 2767
11618469 3778
11618470 3886
11618474 3885
11618493 3884
11618581 3883
11618990 3882
11620890 3881
11629717 2756
11659477 3777
11659478 3880
11659482 3879
11659501 3878
11659589 3877
11659998 3876
11661898 3875
11670725 3874
11711733 2745
11849990 3776
11849991 3873
11849995 3872
11850014 3871
11850102 3870
11850511 3869
11852411 3868
11861238 3867
11902246 3866
12092759 2734
12735066 2721
12735067 2731
12735071 2730
12735090 2729
12735178 2728
12735587 2727
12737487 2726
12746314 2725
12787322 2724
12977835 2723
13862911 205
15719064 191
15719065 1752
15719066 202
15719069 1751
15719070 1807
15719074 201
15719088 1750
15719089 1806
15719093 1805
15719112 200
15719176 1749
15719177 1804
15719181 1803
15719200 1802
15719288 199
15719585 1748
15719586 1801
15719590 1800
15719609 1799
15719697 1798
15720106 198
15721485 1747
15721486 1797
15721490 1796
15721509 1795
15721597 1794
15722006 1793
15723906 197
15730312 1746
15730313 1792
15730317 1791
15730336 1790
15730424 1789
15730833 1788
15732733 1787
15741560 196
15771320 1745
15771321 1786
15771325 1785
15771344 1784
15771432 1783
15771841 1782
15773741 1781
15782568 1780
15823576 195
15961833 1744
15961834 1779
15961838 1778
15961857 1777
15961945 1776
15962354 1775
15964254 1774
15973081 1773
16014089 1772
16204602 194
16846909 1743
16846910 1771
16846914 1770
16846933 1769
16847021 1768
16847430 1767
16849330 1766
16858157 1765
16899165 1764
17089678 1763
17974754 193
20958752 35
20958753 46
20958757 45
20958776 44
20958864 43
20959273 42
20961173 41
20970000 40
21011008 39
21201521 38
22086597 37
24342288 11
24342289 1620
24342290 2589
24342291 2402
24342292 156
24342293 1619
24342294 3380
24342295 5975
24342296 2422
24342298 2578
24342299 5755
24342300 3316
24342303 2336
24342304 2356
24342308 144
24342312 1618
24342313 3379
24342314 5974
24342315 2421
24342317 3378
24342318 6349
24342319 6065
24342322 5754
24342323 5845
24342327 2355
24342336 2567
24342337 5535
24342338 3305
24342341 5534
24342342 5625
24342346 3294
24342360 2270
24342361 2290
24342365 2289
24342384 132
24342400 1617
24342401 3377
24342402 5973
24342403 2420
24342405 3376
24342406 6348
24342407 6064
24342410 5753
24342411 5844
24342415 2354
24342424 3375
24342425 6347
24342426 6063
24342429 6346
24342430 7007
24342434 5843
24342448 5533
24342449 5624
24342453 5623
24342472 2288
24342512 2556
24342513 5315
24342514 3283
24342517 5314
24342518 5405
24342522 3272
24342536 5313
24342537 5404
24342541 5403
24342560 3261
24342624 2204
24342625 2224
24342629 2223
24342648 2222
24342736 120
24342809 1616
24342810 3374
24342811 5972
24342812 2419
24342814 3373
24342815 6345
24342816 6062
24342819 5752
24342820 5842
24342824 2353
24342833 3372
24342834 6344
24342835 6061
24342838 6343
24342839 7006
24342843 5841
24342857 5532
24342858 5622
24342862 5621
24342881 2287
24342921 3371
24342922 6342
24342923 6060
24342926 6341
24342927 7005
24342931 5840
24342945 6340
24342946 7004
24342950 7003
24342969 5620
24343033 5312
24343034 5402
24343038 5401
24343057 5400
24343145 2221
24343330 2545
24343331 5095
24343332 3250
24343335 5094
24343336 5185
24343340 3239
24343354 5093
24343355 5184
24343359 5183
24343378 3228
24343442 5092
24343443 5182
24343447 5181
24343466 5180
24343554 3217
24343851 2138
24343852 2158
24343856 2157
24343875 2156
24343963 2155
24344372 108
24344709 1615
24344710 3370
24344711 5971
24344712 2418
24344714 3369
24344715 6339
24344716 6059
24344719 5751
24344720 5839
24344724 2352
24344733 3368
24344734 6338
24344735 6058
24344738 6337
24344739 7002
24344743 5838
24344757 5531
24344758 5619
24344762 5618
24344781 2286
24344821 3367
24344822 6336
24344823 6057
24344826 6335
24344827 7001
24344831 5837
24344845 6334
24344846 7000
24344850 6999
24344869 5617
24344933 5311
24344934 5399
24344938 5398
24344957 5397
24345045 2220
24345230 3366
24345231 6333
24345232 6056
24345235 6332
24345236 6998
24345240 5836
24345254 6331
24345255 6997
24345259 6996
24345278 5616
24345342 6330
24345343 6995
24345347 6994
24345366 6993
24345454 5396
24345751 5091
24345752 5179
24345756 5178
24345775 5177
24345863 5176
24346272 2154
24347130 2534
24347131 4875
24347132 3206
24347135 4874
24347136 4965
24347140 3195
24347154 4873
24347155 4964
24347159 4963
24347178 3184
24347242 4872
24347243 4962
24347247 4961
24347266 4960
24347354 3173
24347651 4871
24347652 4959
24347656 4958
24347675 4957
24347763 4956
24348172 3162
24349551 2072
24349552 2092
24349556 2091
24349575 2090
24349663 2089
24350072 2088
24351972 96
24353536 1614
24353537 3365
24353538 5970
24353539 2417
24353541 3364
24353542 6329
24353543 6055
24353546 5750
24353547 5835
24353551 2351
24353560 3363
24353561 6328
24353562 6054
24353565 6327
24353566 6992
24353570 5834
24353584 5530
24353585 5615
24353589 5614
24353608 2285
24353648 3362
24353649 6326
24353650 6053
24353653 6325
24353654 6991
24353658 5833
24353672 6324
24353673 6990
24353677 6989
24353696 5613
24353760 5310
24353761 5395
24353765 5394
24353784 5393
24353872 2219
24354057 3361
24354058 6323
24354059 6052
24354062 6322
24354063 6988
24354067 5832
24354081 6321
24354082 6987
24354086 6986
24354105 5612
24354169 6320
24354170 6985
24354174 6984
24354193 6983
24354281 5392
24354578 5090
24354579 5175
24354583 5174
24354602 5173
24354690 5172
24355099 2153
24355957 3360
24355958 6319
24355959 6051
24355962 6318
24355963 6982
24355967 5831
24355981 6317
24355982 6981
24355986 6980
24356005 5611
24356069 6316
24356070 6979
24356074 6978
24356093 6977
24356181 5391
24356478 6315
24356479 6976
24356483 6975
24356502 6974
24356590 6973
24356999 5171
24358378 4870
24358379 4955
24358383 4954
24358402 4953
24358490 4952
24358899 4951
24360799 2087
24364784 2523
24364785 4655
24364786 3151
24364789 4654
24364790 4745
24364794 3140
24364808 4653
24364809 4744
24364813 4743
24364832 3129
24364896 4652
24364897 4742
24364901 4741
24364920 4740
24365008 3118
24365305 4651
24365306 4739
24365310 4738
24365329 4737
24365417 4736
24365826 3107
24367205 4650
24367206 4735
24367210 4734
24367229 4733
24367317 4732
24367726 4731
24369626 3096
24376032 2006
24376033 2026
24376037 2025
24376056 2024
24376144 2023
24376553 2022
24378453 2021
24387280 84
24394544 1613
24394545 3359
24394546 5969
24394547 2416
24394549 3358
24394550 6314
24394551 6050
24394554 5749
24394555 5830
24394559 2350
24394568 3357
24394569 6313
24394570 6049
24394573 6312
24394574 6972
24394578 5829
24394592 5529
24394593 5610
24394597 5609
24394616 2284
24394656 3356
24394657 6311
24394658 6048
24394661 6310
24394662 6971
24394666 5828
24394680 6309
24394681 6970
24394685 6969
24394704 5608
24394768 5309
24394769 5390
24394773 5389
24394792 5388
24394880 2218
24395065 3355
24395066 6308
24395067 6047
24395070 6307
24395071 6968
24395075 5827
24395089 6306
24395090 6967
24395094 6966
24395113 5607
24395177 6305
24395178 6965
24395182 6964
24395201 6963
24395289 5387
24395586 5089
24395587 5170
24395591 5169
24395610 5168
24395698 5167
24396107 2152
24396965 3354
24396966 6304
24396967 6046
24396970 6303
24396971 6962
24396975 5826
24396989 6302
24396990 6961
24396994 6960
24397013 5606
24397077 6301
24397078 6959
24397082 6958
24397101 6957
24397189 5386
24397486 6300
24397487 6956
24397491 6955
24397510 6954
24397598 6953
24398007 5166
24399386 4869
24399387 4950
24399391 4949
24399410 4948
24399498 4947
24399907 4946
24401807 2086
24405792 3353
24405793 6299
24405794 6045
24405797 6298
24405798 6952
24405802 5825
24405816 6297
24405817 6951
24405821 6950
24405840 5605
24405904 6296
24405905 6949
24405909 6948
24405928 6947
24406016 5385
24406313 6295
24406314 6946
24406318 6945
24406337 6944
24406425 6943
24406834 5165
24408213 6294
24408214 6942
24408218 6941
24408237 6940
24408325 6939
24408734 6938
24410634 4945
24417040 4649
24417041 4730
24417045 4729
24417064 4728
24417152 4727
24417561 4726
24419461 4725
24428288 2020
24446800 2512
24446801 4435
24446802 3085
24446805 4434
24446806 4525
24446810 3074
24446824 4433
24446825 4524
24446829 4523
24446848 3063
24446912 4432
24446913 4522
24446917 4521
24446936 4520
24447024 3052
24447321 4431
24447322 4519
24447326 4518
24447345 4517
24447433 4516
24447842 3041
24449221 4430
24449222 4515
24449226 4514
24449245 4513
24449333 4512
24449742 4511
24451642 3030
24458048 4429
24458049 4510
24458053 4509
24458072 4508
24458160 4507
24458569 4506
24460469 4505
24469296 3019
24499056 1940
24499057 1960
24499061 1959
24499080 1958
24499168 1957
24499577 1956
24501477 1955
24510304 1954
24551312 72
24585057 1612
24585058 3352
24585059 5968
24585060 2415
24585062 3351
24585063 6293
24585064 6044
24585067 5748
24585068 5824
24585072 2349
24585081 3350
24585082 6292
24585083 6043
24585086 6291
24585087 6937
24585091 5823
24585105 5528
24585106 5604
24585110 5603
24585129 2283
24585169 3349
24585170 6290
24585171 6042
24585174 6289
24585175 6936
24585179 5822
24585193 6288
24585194 6935
24585198 6934
24585217 5602
24585281 5308
24585282 5384
24585286 5383
24585305 5382
24585393 2217
24585578 3348
24585579 6287
24585580 6041
24585583 6286
24585584 6933
24585588 5821
24585602 6285
24585603 6932
24585607 6931
24585626 5601
24585690 6284
24585691 6930
24585695 6929
24585714 6928
24585802 5381
24586099 5088
24586100 5164
24586104 5163
24586123 5162
24586211 5161
24586620 2151
24587478 3347
24587479 6283
24587480 6040
24587483 6282
24587484 6927
24587488 5820
24587502 6281
24587503 6926
24587507 6925
24587526 5600
24587590 6280
24587591 6924
24587595 6923
24587614 6922
24587702 5380
24587999 6279
24588000 6921
24588004 6920
24588023 6919
24588111 6918
24588520 5160
24589899 4868
24589900 4944
24589904 4943
24589923 4942
24590011 4941
24590420 4940
24592320 2085
24596305 3346
24596306 6278
24596307 6039
24596310 6277
24596311 6917
24596315 5819
24596329 6276
24596330 6916
24596334 6915
24596353 5599
24596417 6275
24596418 6914
24596422 6913
24596441 6912
24596529 5379
24596826 6274
24596827 6911
24596831 6910
24596850 6909
24596938 6908
24597347 5159
24598726 6273
24598727 6907
24598731 6906
24598750 6905
24598838 6904
24599247 6903
24601147 4939
24607553 4648
24607554 4724
24607558 4723
24607577 4722
24607665 4721
24608074 4720
24609974 4719
24618801 2019
24637313 3345
24637314 6272
24637315 6038
24637318 6271
24637319 6902
24637323 5818
24637337 6270
24637338 6901
24637342 6900
24637361 5598
24637425 6269
24637426 6899
24637430 6898
24637449 6897
24637537 5378
24637834 6268
24637835 6896
24637839 6895
24637858 6894
24637946 6893
24638355 5158
24639734 6267
24639735 6892
24639739 6891
24639758 6890
24639846 6889
24640255 6888
24642155 4938
24648561 6266
24648562 6887
24648566 6886
24648585 6885
24648673 6884
24649082 6883
24650982 6882
24659809 4718
24689569 4428
24689570 4504
24689574 4503
24689593 4502
24689681 4501
24690090 4500
24691990 4499
24700817 4498
24741825 1953
24827826 2501
24827827 4215
24827828 3008
24827831 4214
24827832 4305
24827836 2997
24827850 4213
24827851 4304
24827855 4303
24827874 2986
24827938 4212
24827939 4302
24827943 4301
24827962 4300
24828050 2975
24828347 4211
24828348 4299
24828352 4298
24828371 4297
24828459 4296
24828868 2964
24830247 4210
24830248 4295
24830252 4294
24830271 4293
24830359 4292
24830768 4291
24832668 2953
24839074 4209
24839075 4290
24839079 4289
24839098 4288
24839186 4287
24839595 4286
24841495 4285
24850322 2942
24880082 4208
24880083 4284
24880087 4283
24880106 4282
24880194 4281
24880603 4280
24882503 4279
24891330 4278
24932338 2931
25070595 1874
25070596 1894
25070600 1893
25070619 1892
25070707 1891
25071116 1890
25073016 1889
25081843 1888
25122851 1887
25313364 60
25470133 1611
25470134 3344
25470135 5967
25470136 2414
25470138 3343
25470139 6265
25470140 6037
25470143 5747
25470144 5817
25470148 2348
25470157 3342
25470158 6264
25470159 6036
25470162 6263
25470163 6881
25470167 5816
25470181 5527
25470182 5597
25470186 5596
25470205 2282
25470245 3341
25470246 6262
25470247 6035
25470250 6261
25470251 6880
25470255 5815
25470269 6260
25470270 6879
25470274 6878
25470293 5595
25470357 5307
25470358 5377
25470362 5376
25470381 5375
25470469 2216
25470654 3340
25470655 6259
25470656 6034
25470659 6258
25470660 6877
25470664 5814
25470678 6257
25470679 6876
25470683 6875
25470702 5594
25470766 6256
25470767 6874
25470771 6873
25470790 6872
25470878 5374
25471175 5087
25471176 5157
25471180 5156
25471199 5155
25471287 5154
25471696 2150
25472554 3339
25472555 6255
25472556 6033
25472559 6254
25472560 6871
25472564 5813
25472578 6253
25472579 6870
25472583 6869
25472602 5593
25472666 6252
25472667 6868
25472671 6867
25472690 6866
25472778 5373
25473075 6251
25473076 6865
25473080 6864
25473099 6863
25473187 6862
25473596 5153
25474975 4867
25474976 4937
25474980 4936
25474999 4935
25475087 4934
25475496 4933
25477396 2084
25481381 3338
25481382 6250
25481383 6032
25481386 6249
25481387 6861
25481391 5812
25481405 6248
25481406 6860
25481410 6859
25481429 5592
25481493 6247
25481494 6858
25481498 6857
25481517 6856
25481605 5372
25481902 6246
25481903 6855
25481907 6854
25481926 6853
25482014 6852
25482423 5152
25483802 6245
25483803 6851
25483807 6850
25483826 6849
25483914 6848
25484323 6847
25486223 4932
25492629 4647
25492630 4717
25492634 4716
25492653 4715
25492741 4714
25493150 4713
25495050 4712
25503877 2018
25522389 3337
25522390 6244
25522391 6031
25522394 6243
25522395 6846
25522399 5811
25522413 6242
25522414 6845
25522418 6844
25522437 5591
25522501 6241
25522502 6843
25522506 6842
25522525 6841
25522613 5371
25522910 6240
25522911 6840
25522915 6839
25522934 6838
25523022 6837
25523431 5151
25524810 6239
25524811 6836
25524815 6835
25524834 6834
25524922 6833
25525331 6832
25527231 4931
25533637 6238
25533638 6831
25533642 6830
25533661 6829
25533749 6828
25534158 6827
25536058 6826
25544885 4711
25574645 4427
25574646 4497
25574650 4496
25574669 4495
25574757 4494
25575166 4493
25577066 4492
25585893 4491
25626901 1952
25712902 3336
25712903 6237
25712904 6030
25712907 6236
25712908 6825
25712912 5810
25712926 6235
25712927 6824
25712931 6823
25712950 5590
25713014 6234
25713015 6822
25713019 6821
25713038 6820
25713126 5370
25713423 6233
25713424 6819
25713428 6818
25713447 6817
25713535 6816
25713944 5150
25715323 6232
25715324 6815
25715328 6814
25715347 6813
25715435 6812
25715844 6811
25717744 4930
25724150 6231
25724151 6810
25724155 6809
25724174 6808
25724262 6807
25724671 6806
25726571 6805
25735398 4710
25765158 6230
25765159 6804
25765163 6803
25765182 6802
25765270 6801
25765679 6800
25767579 6799
25776406 6798
25817414 4490
25955671 4207
25955672 4277
25955676 4276
25955695 4275
25955783 4274
25956192 4273
25958092 4272
25966919 4271
26007927 4270
26198440 1886
26597978 2490
26597979 3995
26597980 2920
26597983 3994
26597984 4085
26597988 2909
26598002 3993
26598003 4084
26598007 4083
26598026 2898
26598090 3992
26598091 4082
26598095 4081
26598114 4080
26598202 2887
26598499 3991
26598500 4079
26598504 4078
26598523 4077
26598611 4076
26599020 2876
26600399 3990
26600400 4075
26600404 4074
26600423 4073
26600511 4072
26600920 4071
26602820 2865
26609226 3989
26609227 4070
26609231 4069
26609250 4068
26609338 4067
26609747 4066
26611647 4065
26620474 2854
26650234 3988
26650235 4064
26650239 4063
26650258 4062
26650346 4061
26650755 4060
26652655 4059
26661482 4058
26702490 2843
26840747 3987
26840748 4057
26840752 4056
26840771 4055
26840859 4054
26841268 4053
26843168 4052
26851995 4051
26893003 4050
27083516 2832
27725823 1808
27725824 1828
27725828 1827
27725847 1826
27725935 1825
27726344 1824
27728244 1823
27737071 1822
27778079 1821
27968592 1820
28853668 48
29581976 1610
29581977 3335
29581978 5966
29581979 2413
29581981 3334
29581982 6229
29581983 6029
29581986 5746
29581987 5809
29581991 2347
29582000 3333
29582001 6228
29582002 6028
29582005 6227
29582006 6797
29582010 5808
29582024 5526
29582025 5589
29582029 5588
29582048 2281
29582088 3332
29582089 6226
29582090 6027
29582093 6225
29582094 6796
29582098 5807
29582112 6224
29582113 6795
29582117 6794
29582136 5587
29582200 5306
29582201 5369
29582205 5368
29582224 5367
29582312 2215
29582497 3331
29582498 6223
29582499 6026
29582502 6222
29582503 6793
29582507 5806
29582521 6221
29582522 6792
29582526 6791
29582545 5586
29582609 6220
29582610 6790
29582614 6789
29582633 6788
29582721 5366
29583018 5086
29583019 5149
29583023 5148
29583042 5147
29583130 5146
29583539 2149
29584397 3330
29584398 6219
29584399 6025
29584402 6218
29584403 6787
29584407 5805
29584421 6217
29584422 6786
29584426 6785
29584445 5585
29584509 6216
29584510 6784
29584514 6783
29584533 6782
29584621 5365
29584918 6215
29584919 6781
29584923 6780
29584942 6779
29585030 6778
29585439 5145
29586818 4866
29586819 4929
29586823 4928
29586842 4927
29586930 4926
29587339 4925
29589239 2083
29593224 3329
29593225 6214
29593226 6024
29593229 6213
29593230 6777
29593234 5804
29593248 6212
29593249 6776
29593253 6775
29593272 5584
29593336 6211
29593337 6774
29593341 6773
29593360 6772
29593448 5364
29593745 6210
29593746 6771
29593750 6770
29593769 6769
29593857 6768
29594266 5144
29595645 6209
29595646 6767
29595650 6766
29595669 6765
29595757 6764
29596166 6763
29598066 4924
29604472 4646
29604473 4709
29604477 4708
29604496 4707
29604584 4706
29604993 4705
29606893 4704
29615720 2017
29634232 3328
29634233 6208
29634234 6023
29634237 6207
29634238 6762
29634242 5803
29634256 6206
29634257 6761
29634261 6760
29634280 5583
29634344 6205
29634345 6759
29634349 6758
29634368 6757
29634456 5363
29634753 6204
29634754 6756
29634758 6755
29634777 6754
29634865 6753
29635274 5143
29636653 6203
29636654 6752
29636658 6751
29636677 6750
29636765 6749
29637174 6748
29639074 4923
29645480 6202
29645481 6747
29645485 6746
29645504 6745
29645592 6744
29646001 6743
29647901 6742
29656728 4703
29686488 4426
29686489 4489
29686493 4488
29686512 4487
29686600 4486
29687009 4485
29688909 4484
29697736 4483
29738744 1951
29824745 3327
29824746 6201
29824747 6022
29824750 6200
29824751 6741
29824755 5802
29824769 6199
29824770 6740
29824774 6739
29824793 5582
29824857 6198
29824858 6738
29824862 6737
29824881 6736
29824969 5362
29825266 6197
29825267 6735
29825271 6734
29825290 6733
29825378 6732
29825787 5142
29827166 6196
29827167 6731
29827171 6730
29827190 6729
29827278 6728
29827687 6727
29829587 4922
29835993 6195
29835994 6726
29835998 6725
29836017 6724
29836105 6723
29836514 6722
29838414 6721
29847241 4702
29877001 6194
29877002 6720
29877006 6719
29877025 6718
29877113 6717
29877522 6716
29879422 6715
29888249 6714
29929257 4482
30067514 4206
30067515 4269
30067519 4268
30067538 4267
30067626 4266
30068035 4265
30069935 4264
30078762 4263
30119770 4262
30310283 1885
30709821 3326
30709822 6193
30709823 6021
30709826 6192
30709827 6713
30709831 5801
30709845 6191
30709846 6712
30709850 6711
30709869 5581
30709933 6190
30709934 6710
30709938 6709
30709957 6708
30710045 5361
30710342 6189
30710343 6707
30710347 6706
30710366 6705
30710454 6704
30710863 5141
30712242 6188
30712243 6703
30712247 6702
30712266 6701
30712354 6700
30712763 6699
30714663 4921
30721069 6187
30721070 6698
30721074 6697
30721093 6696
30721181 6695
30721590 6694
30723490 6693
30732317 4701
30762077 6186
30762078 6692
30762082 6691
30762101 6690
30762189 6689
30762598 6688
30764498 6687
30773325 6686
30814333 4481
30952590 1600
30952591 6685
30952595 6684
30952614 6683
30952702 6682
30953111 6681
30955011 6680
30963838 6679
31004846 1601
31195359 4261
31837666 3986
31837667 4049
31837671 4048
31837690 4047
31837778 4046
31838187 4045
31840087 4044
31848914 4043
31889922 4042
32080435 4041
32965511 1819
34821664 2479
34821665 3775
34821666 2821
34821669 3774
34821670 3865
34821674 2810
34821688 3773
34821689 3864
34821693 3863
34821712 2799
34821776 3772
34821777 3862
34821781 3861
34821800 3860
34821888 2788
34822185 3771
34822186 3859
34822190 3858
34822209 3857
34822297 3856
34822706 2777
34824085 3770
34824086 3855
34824090 3854
34824109 3853
34824197 3852
34824606 3851
34826506 2766
34832912 3769
34832913 3850
34832917 3849
34832936 3848
34833024 3847
34833433 3846
34835333 3845
34844160 2755
34873920 3768
34873921 3844
34873925 3843
34873944 3842
34874032 3841
34874441 3840
34876341 3839
34885168 3838
34926176 2744
35064433 3767
35064434 3837
35064438 3836
35064457 3835
35064545 3834
35064954 3833
35066854 3832
35075681 3831
35116689 3830
35307202 2733
35949509 3766
35949510 3829
35949514 3828
35949533 3827
35949621 3826
35950030 3825
35951930 3824
35960757 3823
36001765 3822
36192278 3821
37077354 2722
40061352 1742
40061353 1762
40061357 1761
40061376 1760
40061464 1759
40061873 1758
40063773 1757
40072600 1756
40113608 1755
40304121 1754
41189197 1753
45301040 36
48684576 167
48684577 2478
48684578 2710
48684579 312
48684581 2477
48684582 3600
48684583 2720
48684586 2699
48684587 2709
48684591 300
48684600 2476
48684601 3599
48684602 2719
48684605 3598
48684606 3765
48684610 2708
48684624 2688
48684625 2698
48684629 2697
48684648 288
48684688 2475
48684689 3597
48684690 2718
48684693 3596
48684694 3764
48684698 2707
48684712 3595
48684713 3763
48684717 3762
48684736 2696
48684800 2677
48684801 2687
48684805 2686
48684824 2685
48684912 276
48685097 2474
48685098 3594
48685099 2717
48685102 3593
48685103 3761
48685107 2706
48685121 3592
48685122 3760
48685126 3759
48685145 2695
48685209 3591
48685210 3758
48685214 3757
48685233 3756
48685321 2684
48685618 2666
48685619 2676
48685623 2675
48685642 2674
48685730 2673
48686139 264
48686997 2473
48686998 3590
48686999 2716
48687002 3589
48687003 3755
48687007 2705
48687021 3588
48687022 3754
48687026 3753
48687045 2694
48687109 3587
48687110 3752
48687114 3751
48687133 3750
48687221 2683
48687518 3586
48687519 3749
48687523 3748
48687542 3747
48687630 3746
48688039 2672
48689418 2655
48689419 2665
48689423 2664
48689442 2663
48689530 2662
48689939 2661
48691839 252
48695824 2472
48695825 3585
48695826 2715
48695829 3584
48695830 3745
48695834 2704
48695848 3583
48695849 3744
48695853 3743
48695872 2693
48695936 3582
48695937 3742
48695941 3741
48695960 3740
48696048 2682
48696345 3581
48696346 3739
48696350 3738
48696369 3737
48696457 3736
48696866 2671
48698245 3580
48698246 3735
48698250 3734
48698269 3733
48698357 3732
48698766 3731
48700666 2660
48707072 2644
48707073 2654
48707077 2653
48707096 2652
48707184 2651
48707593 2650
48709493 2649
48718320 240
48736832 2471
48736833 3579
48736834 2714
48736837 3578
48736838 3730
48736842 2703
48736856 3577
48736857 3729
48736861 3728
48736880 2692
48736944 3576
48736945 3727
48736949 3726
48736968 3725
48737056 2681
48737353 3575
48737354 3724
48737358 3723
48737377 3722
48737465 3721
48737874 2670
48739253 3574
48739254 3720
48739258 3719
48739277 3718
48739365 3717
48739774 3716
48741674 2659
48748080 3573
48748081 3715
48748085 3714
48748104 3713
48748192 3712
48748601 3711
48750501 3710
48759328 2648
48789088 2633
48789089 2643
48789093 2642
48789112 2641
48789200 2640
48789609 2639
48791509 2638
48800336 2637
48841344 228
48927345 2470
48927346 3572
48927347 2713
48927350 3571
48927351 3709
48927355 2702
48927369 3570
48927370 3708
48927374 3707
48927393 2691
48927457 3569
48927458 3706
48927462 3705
48927481 3704
48927569 2680
48927866 3568
48927867 3703
48927871 3702
48927890 3701
48927978 3700
48928387 2669
48929766 3567
48929767 3699
48929771 3698
48929790 3697
48929878 3696
48930287 3695
48932187 2658
48938593 3566
48938594 3694
48938598 3693
48938617 3692
48938705 3691
48939114 3690
48941014 3689
48949841 2647
48979601 3565
48979602 3688
48979606 3687
48979625 3686
48979713 3685
48980122 3684
48982022 3683
48990849 3682
49031857 2636
49170114 2622
49170115 2632
49170119 2631
49170138 2630
49170226 2629
49170635 2628
49172535 2627
49181362 2626
49222370 2625
49412883 216
49812421 2469
49812422 3564
49812423 2712
49812426 3563
49812427 3681
49812431 2701
49812445 3562
49812446 3680
49812450 3679
49812469 2690
49812533 3561
49812534 3678
49812538 3677
49812557 3676
49812645 2679
49812942 3560
49812943 3675
49812947 3674
49812966 3673
49813054 3672
49813463 2668
49814842 3559
49814843 3671
49814847 3670
49814866 3669
49814954 3668
49815363 3667
49817263 2657
49823669 3558
49823670 3666
49823674 3665
49823693 3664
49823781 3663
49824190 3662
49826090 3661
49834917 2646
49864677 3557
49864678 3660
49864682 3659
49864701 3658
49864789 3657
49865198 3656
49867098 3655
49875925 3654
49916933 2635
50055190 3556
50055191 3653
50055195 3652
50055214 3651
50055302 3650
50055711 3649
50057611 3648
50066438 3647
50107446 3646
50297959 2624
50940266 2611
50940267 2621
50940271 2620
50940290 2619
50940378 2618
50940787 2617
50942687 2616
50951514 2615
50992522 2614
51183035 2613
52068111 204
53924264 2468
53924265 3555
53924266 2711
53924269 3554
53924270 3645
53924274 2700
53924288 3553
53924289 3644
53924293 3643
53924312 2689
53924376 3552
53924377 3642
53924381 3641
53924400 3640
53924488 2678
53924785 3551
53924786 3639
53924790 3638
53924809 3637
53924897 3636
53925306 2667
53926685 3550
53926686 3635
53926690 3634
53926709 3633
53926797 3632
53927206 3631
53929106 2656
53935512 3549
53935513 3630
53935517 3629
53935536 3628
53935624 3627
53936033 3626
53937933 3625
53946760 2645
53976520 3548
53976521 3624
53976525 3623
53976544 3622
53976632 3621
53977041 3620
53978941 3619
53987768 3618
54028776 2634
54167033 3547
54167034 3617
54167038 3616
54167057 3615
54167145 3614
54167554 3613
54169454 3612
54178281 3611
54219289 3610
54409802 2623
55052109 3546
55052110 3609
55052114 3608
55052133 3607
55052221 3606
55052630 3605
55054530 3604
55063357 3603
55104365 3602
55294878 3601
56179954 2612
59163952 2600
59163953 2610
59163957 2609
59163976 2608
59164064 2607
59164473 2606
59166373 2605
59175200 2604
59216208 2603
59406721 2602
60291797 2601
64403640 192
73026864 179
73026865 1686
73026866 190
73026869 1685
73026870 1741
73026874 189
73026888 1684
73026889 1740
73026893 1739
73026912 188
73026976 1683
73026977 1738
73026981 1737
73027000 1736
73027088 187
73027385 1682
73027386 1735
73027390 1734
73027409 1733
73027497 1732
73027906 186
73029285 1681
73029286 1731
73029290 1730
73029309 1729
73029397 1728
73029806 1727
73031706 185
73038112 1680
73038113 1726
73038117 1725
73038136 1724
73038224 1723
73038633 1722
73040533 1721
73049360 184
73079120 1679
73079121 1720
73079125 1719
73079144 1718
73079232 1717
73079641 1716
73081541 1715
73090368 1714
73131376 183
73269633 1678
73269634 1713
73269638 1712
73269657 1711
73269745 1710
73270154 1709
73272054 1708
73280881 1707
73321889 1706
73512402 182
74154709 1677
74154710 1705
74154714 1704
74154733 1703
74154821 1702
74155230 1701
74157130 1700
74165957 1699
74206965 1698
74397478 1697
75282554 181
78266552 1676
78266553 1696
78266557 1695
78266576 1694
78266664 1693
78267073 1692
78268973 1691
78277800 1690
78318808 1689
78509321 1688
79394397 1687
83506240 180
97369152 23
97369153 34
97369157 33
97369176 32
97369264 31
97369673 30
97371573 29
97380400 28
97421408 27
97611921 26
98496997 25
102608840 24
